1.46547 -2.12748 -0.230146 1.75882 0.779908 1.02025 2.12099 -0.876055 0.379888 0.206441 0.35334 0.0100878 
1.00039 0.0683759 0.464207 0.221415 0.618789 -0.153896 0.832607 0.0403204 0.495087 0.0211648 0.268633 0.0581222 
3.48493 2.5746 2.37554 1.33838 1.10321 0.0183105 0.0892529 -0.134798 0.360496 0.262131 0.270956 0.0625759 
4.56627 1.23453 0.388449 1.5206 0.56115 -0.148406 1.89143 1.40315 -0.209454 -0.412598 -0.1873 -0.0589697 
4.73749 1.89396 0.259678 0.360657 -0.27951 -0.937142 0.471394 0.551133 -0.217757 -0.436799 -0.303813 -0.129106 
3.30072 2.14334 1.63173 1.00331 0.925423 0.781363 1.38551 1.26797 1.00349 0.391724 0.198697 0.0440128 
3.69253 2.77665 2.23171 1.87729 1.4194 0.022629 -0.309021 -0.454105 -0.690171 -0.608571 -0.0225616 -0.0610076 
3.86727 -0.241955 -0.509173 1.55543 2.57194 1.06189 1.84402 1.90889 0.45992 -0.664646 -0.391754 -0.0189101 
2.68615 0.00572366 1.21303 0.805634 -1.18257 0.658658 2.43064 0.533634 0.914246 0.407999 0.201211 -0.0360066 
1.23047 0.286018 0.907986 0.52492 1.37859 0.537488 1.06977 0.334305 0.791951 0.256571 0.313015 0.064943 
4.12895 2.70434 1.71857 1.21292 1.81446 1.02523 1.01205 0.380344 -1.10549 -0.646879 0.180035 0.0380938 
3.78922 1.19151 -0.0870251 0.0598459 1.30292 1.8608 2.39833 1.49407 0.52961 -0.211835 -0.0116567 0.00543363 
4.76324 1.41624 0.679705 1.75416 0.269446 -1.00516 1.32948 0.619796 -0.296895 -0.368607 -0.281203 -0.122058 
2.81554 2.33567 2.25772 1.95756 1.961 1.47602 1.34981 0.960132 0.793257 0.449392 0.290563 0.065325 
3.93319 2.16939 2.09698 3.09616 2.29618 -0.50898 -0.788968 -0.0469206 -0.416269 -0.819626 -0.23569 -0.0761428 
4.10411 0.697608 -0.528218 0.867672 1.43069 1.23435 2.65116 2.22855 0.468095 -0.588127 -0.0414719 0.0434185 
1.44978 -1.45374 0.673057 2.41805 1.95964 1.33154 2.41342 -0.305981 0.768778 0.225041 0.253634 0.0220123 
3.21454 1.75201 1.48626 0.474057 0.558702 -0.0506734 1.19194 0.846733 0.715629 -0.117307 -0.098374 -0.0163443 
3.44401 2.47725 2.38226 2.13388 2.20854 0.550952 0.227829 -0.106752 0.149126 -0.0771489 0.0803283 -0.00258785 
4.01408 1.46821 1.08984 1.61706 0.787801 -0.0158848 2.50722 2.11157 0.69004 -0.363056 -0.0669947 -0.000267616 
4.85126 1.65578 0.672458 1.25892 0.0884394 -1.52615 -0.210993 0.834363 0.209942 -0.25445 -0.2872 -0.0924035 
3.31536 2.21804 1.65787 1.63462 1.53905 1.05795 1.90547 1.40452 0.669718 -0.0455342 0.144751 0.0533717 
4.5355 2.97739 2.18571 1.84277 3.06142 -0.0499792 -0.447798 -0.603581 -0.911505 -0.889983 -0.0659935 -0.0424424 
3.68975 -0.66339 -0.489723 2.92294 2.64429 0.574809 2.92198 1.69529 0.501571 -0.719961 -0.133765 0.101631 
2.55416 -0.858189 0.202054 0.558833 -2.76572 -0.834304 1.91362 0.56387 0.517181 0.75928 0.385183 -0.0248961 
2.53752 1.68534 1.88776 1.26954 1.48772 0.712718 1.17723 0.409703 0.497452 -0.0214348 0.113868 0.0558156 
3.75355 2.49799 1.665 1.21193 2.76357 2.04433 1.5221 0.500355 -0.749834 -0.277643 0.27895 0.0740463 
3.43933 0.626372 -0.0667876 0.714273 2.2989 1.39943 1.93958 1.58334 1.12591 -0.172878 -0.136294 0.00644701 
5.21495 1.19381 0.474488 2.33063 0.303621 -2.20412 0.680815 0.723665 0.125853 -0.248325 -0.26462 -0.116275 
2.7422 2.35743 2.70603 2.18763 2.51306 1.66463 1.78928 1.04974 1.01076 0.42004 0.318182 0.0913161 
4.64912 1.78668 2.17672 3.92392 3.13741 -1.34854 -1.08843 -0.284943 -0.676379 -0.88095 -0.362275 -0.0660533 
4.16587 0.541789 -0.480936 1.53645 1.65022 0.555587 2.90874 2.81214 0.420278 -0.795053 -0.146723 0.0969197 
