2.38155 1.24968 1.12949 0.786331 0.658017 0.29314 0.217981 0.367884 0.433632 0.162438 0.0392704 -0.0210584 
4.81425 1.57013 0.309098 -0.574404 -0.160619 1.26463 1.33568 0.386486 0.391732 0.270285 0.0712263 -0.0502398 
4.41224 -0.478375 1.06688 1.71461 -0.221857 -0.494457 1.18833 1.25688 0.447305 -0.113157 0.0108867 -0.00544439 
3.88772 1.63114 0.411093 0.596934 2.14073 3.29698 2.47469 0.789286 0.336916 0.237706 -0.0819169 0.0125414 
1.11691 -3.0999 2.88632 0.373656 1.16668 1.38292 1.22967 -0.527728 -0.0189313 0.122398 -0.0762739 0.0220603 
4.77793 1.48652 -2.03311 -2.18491 1.113 1.8 1.98345 0.558745 1.40358 0.0875001 0.0249039 -0.101057 
4.59495 1.87577 -0.771472 -1.58109 -0.222486 1.17773 2.02267 1.53534 1.27676 -0.0182617 0.0977871 -0.0616414 
4.60052 0.36788 -1.60695 -0.514998 2.45249 3.98407 1.81145 0.0716182 1.21898 0.227125 0.0750192 -0.079961 
2.60267 0.644269 1.84498 0.729882 1.02841 0.840175 1.30426 0.669453 0.563852 0.228358 0.145922 -0.00496616 
5.66019 1.45464 -1.1269 -0.783556 1.13381 1.78299 0.40208 -0.0602989 0.817408 0.410533 0.0604745 -0.127427 
2.76993 1.31526 -0.258421 -1.85787 -2.02036 -0.800235 0.472605 -0.45678 1.62944 -0.21426 0.162198 -0.0293243 
4.13097 0.532401 -0.719042 0.153866 3.11899 3.95762 2.17984 0.107372 0.58271 0.472169 -0.0150967 -0.0288104 
1.32437 -3.13029 3.13611 1.02948 0.341292 -0.0524181 2.0751 0.743241 -0.192831 -0.275295 -0.14977 0.0400193 
3.98646 1.13906 -2.34095 -1.20892 1.84422 3.14864 1.68878 0.342848 1.40312 -0.208892 0.120949 -0.161029 
2.36632 0.216995 -1.42102 -2.74889 -2.18721 -0.458189 1.52625 0.962743 2.30194 -0.464236 0.128306 -0.0206151 
3.31032 1.18228 -2.22276 -0.567106 3.80584 3.61011 2.10878 0.135299 1.02296 -0.217731 0.26317 -0.09875