0.886587482 0.113412518 0.000000000 0.000000000 0.000000000 
0.000000000 0.500946405 0.499053595 0.000000000 0.000000000 
0.000000000 0.000000000 0.623872580 0.376127420 0.000000000 
0.000000000 0.000000000 0.000000000 0.953844933 0.046155067 
0.000000000 0.000000000 0.000000000 0.000000000 1.000000000  

0.814265021 0.185734979 0.000000000 0.000000000 0.000000000 
0.000000000 0.712881786 0.287118214 0.000000000 0.000000000 
0.000000000 0.000000000 0.887319113 0.112680887 0.000000000 
0.000000000 0.000000000 0.000000000 0.962927712 0.037072288 
0.000000000 0.000000000 0.000000000 0.000000000 1.000000000 